0.5 0.00095 10
0.475 0.0066 10
0.45 0.01195 10
0.4 0.022 10
0.35 0.0309 10
0.3 0.03875 10
0.25 0.04525 10
0.2 0.0502 10
0.15 0.05275 10
0.125 0.0528 10
0.1 0.0518 10
0.075 0.0493 10
0.05 0.04415 10
0.0375 0.04005 10
0.025 0.0346 10
0.0125 0.02645 10
0.00625 0.02045 10
0 0 10
0.00625 -0.00915 10
0.0125 -0.01355 10
0.025 -0.019 10
0.0375 -0.023 10
0.05 -0.0261 10
0.075 -0.0309 10
0.1 -0.0343 10
0.125 -0.03635 10
0.15 -0.03735 10
0.2 -0.03685 10
0.25 -0.03405 10
0.3 -0.0297 10
0.35 -0.0241 10
0.4 -0.0174 10
0.45 -0.0097 10
0.475 -0.00545 10
0.5 -0.00095 10